0/[[0, 4], [9, 4]]
[(9, 4), (8, 4), (8, 3), (8, 4), (9, 4), (8, 4), (8, 3), (8, 2), (8, 1), (8, 0), (8, 0), (9, 0)]
1000/[[4, 8], [9, 4]]
[(9, 4), (8, 4), (8, 5), (8, 6), (8, 7), (9, 7)]
2000/[[0, 5], [9, 4]]
[(9, 4), (8, 4), (9, 4), (8, 4), (9, 4), (8, 4), (9, 4), (8, 4), (9, 4), (8, 4), (7, 4), (8, 4), (8, 5), (8, 6), (8, 5), (8, 4), (9, 4), (8, 4), (9, 4), (8, 4), (9, 4), (8, 4), (9, 4), (8, 4), (7, 4), (8, 4), (9, 4), (8, 4), (9, 4), (8, 4), (9, 4), (8, 4), (9, 4), (8, 4), (8, 5), (8, 4), (9, 4), (8, 4), (9, 4), (8, 4), (9, 4), (8, 4), (7, 4), (6, 4)]
3000/[[0, 6], [9, 4]]
[(9, 4), (8, 4), (9, 4), (8, 4), (9, 4), (8, 4), (9, 4), (8, 4), (9, 4), (8, 4), (9, 4), (8, 4), (9, 4), (8, 4), (9, 4), (8, 4), (9, 4), (8, 4), (9, 4), (8, 4), (9, 4), (8, 4), (9, 4), (8, 4), (9, 4), (8, 4), (9, 4), (8, 4), (9, 4), (8, 4), (9, 4), (8, 4), (9, 4), (8, 4), (8, 3), (8, 4), (9, 4), (8, 4), (7, 4), (8, 4), (9, 4), (8, 4), (9, 4), (8, 4), (9, 4), (8, 4), (9, 4), (8, 4), (8, 3), (8, 4), (9, 4), (8, 4), (9, 4), (8, 4), (9, 4), (8, 4), (8, 5), (8, 4), (9, 4), (8, 4), (8, 3), (7, 3), (6, 3), (7, 3), (8, 3), (8, 4), (9, 4), (8, 4), (7, 4), (8, 4), (9, 4), (8, 4), (9, 4), (8, 4), (9, 4), (8, 4), (9, 4), (8, 4), (9, 4), (8, 4), (8, 3), (8, 4), (9, 4), (8, 4), (8, 5), (8, 4), (8, 3), (8, 4), (9, 4), (8, 4), (9, 4), (8, 4), (9, 4), (8, 4), (9, 4), (8, 4), (7, 4), (6, 4)]
4000/[[2, 8], [9, 4]]
[(9, 4), (8, 4), (9, 4), (8, 4), (9, 4), (8, 4), (9, 4), (8, 4), (9, 4), (8, 4), (9, 4), (8, 4), (9, 4), (8, 4), (7, 4), (8, 4), (9, 4), (8, 4), (9, 4), (8, 4), (9, 4), (8, 4), (9, 4), (8, 4), (9, 4), (8, 4), (9, 4), (8, 4), (8, 5), (8, 4), (9, 4), (8, 4), (9, 4), (8, 4), (9, 4), (8, 4), (9, 4), (8, 4), (9, 4), (8, 4), (8, 5), (8, 4), (8, 5), (8, 4), (9, 4), (8, 4), (9, 4), (8, 4), (8, 5), (8, 4), (9, 4), (8, 4), (9, 4), (8, 4), (8, 5), (8, 4), (9, 4), (8, 4), (9, 4), (8, 4), (8, 3), (8, 4), (9, 4), (8, 4), (9, 4), (8, 4), (8, 3), (9, 3)]
